X Y sonda poradi
-574281.80149866 -1129447.31072099 S4 1
-574321.801444889 -1129447.37630779 S4 2
-574321.703064687 -1129507.37622713 S4 3
-574341.703037802 -1129507.40902053 S4 4
-574341.637451 -1129547.40896676 S4 5
-574231.637598868 -1129547.22860306 S4 6
-574231.653995569 -1129537.2286165 S4 7
-574241.653982126 -1129537.2450132 S4 8
-574241.670378827 -1129527.24502665 S4 9
-574251.670365384 -1129527.26142335 S4 10
-574251.703158785 -1129507.26145023 S4 11
-574261.703145342 -1129507.27784693 S4 12
-574261.735938743 -1129487.27787382 S4 13
-574271.735925301 -1129487.29427052 S4 14
-574271.752322001 -1129477.29428396 S4 15
-574281.752308558 -1129477.31068066 S4 16
-573931.986631858 -1129267.26237742 S2 1
-573908.94574748 -1129276.96380242 S2 2
-573910.88603248 -1129281.5719793 S2 3
-573933.926916858 -1129271.8705543 S2 4
-573963.65389004 -1129377.79903334 S3 1
-573943.65389004 -1129377.79903334 S3 2
-573943.65389004 -1129397.79903334 S3 3
-573963.65389004 -1129397.79903334 S3 4
-574124.081967429 -1129259.16687465 S1 1
-574005.179270489 -1129275.35788019 S1 2
-574007.877771412 -1129295.17499635 S1 3
-573988.060655256 -1129297.87349727 S1 4
-573993.457657103 -1129337.50772958 S1 5
-574132.1774702 -1129318.61822312 S1 6
-574129.478969276 -1129298.80110696 S1 7
-574169.113201589 -1129293.40410512 S1 8
-574166.414700666 -1129273.58698896 S1 9
-574126.780468352 -1129278.98399081 S1 10
